# oST version 5.0 parameters


[image]

width
640

height
480

[narrow_stereo]

camera matrix
564.725971 0.000000 324.261201
0.000000 566.536071 247.008786
0.000000 0.000000 1.000000

distortion
-0.037516 -0.092697 -0.000111 0.000238 0.000000

rectification
1.000000 0.000000 0.000000
0.000000 1.000000 0.000000
0.000000 0.000000 1.000000

projection
550.775146 0.000000 324.214309 0.000000
0.000000 559.689148 246.648733 0.000000
0.000000 0.000000 1.000000 0.000000

