# oST version 5.0 parameters


[image]

width
1920

height
1080

[narrow_stereo]

camera matrix
1273.338877 0.000000 973.666844
0.000000 1276.563388 558.555938
0.000000 0.000000 1.000000

distortion
-0.043923 -0.074801 -0.000781 -0.000660 0.000000

rectification
1.000000 0.000000 0.000000
0.000000 1.000000 0.000000
0.000000 0.000000 1.000000

projection
1197.495239 0.000000 974.383914 0.000000
0.000000 1261.978760 557.979655 0.000000
0.000000 0.000000 1.000000 0.000000

